0.000,0.000,1.500,-1.000,1.885,-0.024,-0.250,0.000,0.000,0.000
0.020,0.038,1.500,-1.005,1.884,-0.071,-0.250,-0.025,0.000,0.000
0.040,0.075,1.498,-1.010,1.881,-0.118,-0.250,-0.050,0.000,0.000
0.060,0.113,1.496,-1.015,1.878,-0.166,-0.250,-0.075,0.000,0.000
0.080,0.151,1.492,-1.020,1.873,-0.213,-0.250,-0.101,0.000,0.000
0.100,0.188,1.488,-1.025,1.867,-0.260,-0.250,-0.126,0.000,0.000
0.120,0.225,1.483,-1.030,1.860,-0.307,-0.250,-0.151,0.000,0.000
0.140,0.263,1.477,-1.035,1.852,-0.353,-0.250,-0.176,0.000,0.000
0.160,0.300,1.470,-1.040,1.842,-0.400,-0.250,-0.201,0.000,0.000
0.180,0.336,1.462,-1.045,1.831,-0.446,-0.250,-0.226,0.000,0.000
0.200,0.373,1.453,-1.050,1.820,-0.492,-0.250,-0.251,0.000,0.000
0.220,0.409,1.443,-1.055,1.807,-0.537,-0.250,-0.276,0.000,0.000
0.240,0.446,1.432,-1.060,1.793,-0.582,-0.250,-0.302,0.000,0.000
0.260,0.481,1.421,-1.065,1.777,-0.627,-0.250,-0.327,0.000,0.000
0.280,0.517,1.408,-1.070,1.761,-0.672,-0.250,-0.352,0.000,0.000
0.300,0.552,1.395,-1.075,1.744,-0.716,-0.250,-0.377,0.000,0.000
0.320,0.587,1.380,-1.080,1.725,-0.759,-0.250,-0.402,0.000,0.000
0.340,0.622,1.365,-1.085,1.706,-0.803,-0.250,-0.427,0.000,0.000
0.360,0.656,1.349,-1.090,1.685,-0.845,-0.250,-0.452,0.000,0.000
0.380,0.689,1.332,-1.095,1.663,-0.887,-0.250,-0.478,0.000,0.000
0.400,0.723,1.314,-1.100,1.640,-0.929,-0.250,-0.503,0.000,0.000
0.420,0.755,1.296,-1.105,1.616,-0.970,-0.250,-0.528,0.000,0.000
0.440,0.788,1.276,-1.110,1.591,-1.010,-0.250,-0.553,0.000,0.000
0.460,0.820,1.256,-1.115,1.566,-1.050,-0.250,-0.578,0.000,0.000
0.480,0.851,1.235,-1.120,1.539,-1.089,-0.250,-0.603,0.000,0.000
0.500,0.882,1.214,-1.125,1.511,-1.127,-0.250,-0.628,0.000,0.000
0.520,0.912,1.191,-1.130,1.482,-1.165,-0.250,-0.653,0.000,0.000
0.540,0.942,1.168,-1.135,1.452,-1.201,-0.250,-0.679,0.000,0.000
0.560,0.971,1.144,-1.140,1.422,-1.238,-0.250,-0.704,0.000,0.000
0.580,0.999,1.119,-1.145,1.390,-1.273,-0.250,-0.729,0.000,0.000
0.600,1.027,1.093,-1.150,1.358,-1.307,-0.250,-0.754,0.000,0.000
0.620,1.054,1.067,-1.155,1.324,-1.341,-0.250,-0.779,0.000,0.000
0.640,1.080,1.040,-1.160,1.290,-1.374,-0.250,-0.804,0.000,0.000
0.660,1.106,1.013,-1.165,1.255,-1.406,-0.250,-0.829,0.000,0.000
0.680,1.131,0.985,-1.170,1.220,-1.437,-0.250,-0.855,0.000,0.000
0.700,1.156,0.956,-1.175,1.183,-1.467,-0.250,-0.880,0.000,0.000
0.720,1.179,0.927,-1.180,1.146,-1.497,-0.250,-0.905,0.000,0.000
0.740,1.202,0.897,-1.185,1.108,-1.525,-0.250,-0.930,0.000,0.000
0.760,1.225,0.866,-1.190,1.069,-1.552,-0.250,-0.955,0.000,0.000
0.780,1.246,0.835,-1.195,1.030,-1.579,-0.250,-0.980,0.000,0.000
0.800,1.266,0.804,-1.200,0.990,-1.604,-0.250,-1.005,0.000,0.000
0.820,1.286,0.772,-1.205,0.949,-1.628,-0.250,-1.030,0.000,0.000
0.840,1.305,0.739,-1.210,0.908,-1.652,-0.250,-1.056,0.000,0.000
0.860,1.323,0.706,-1.215,0.866,-1.674,-0.250,-1.081,0.000,0.000
0.880,1.341,0.673,-1.220,0.824,-1.695,-0.250,-1.106,0.000,0.000
0.900,1.357,0.639,-1.225,0.781,-1.715,-0.250,-1.131,0.000,0.000
0.920,1.373,0.604,-1.230,0.738,-1.735,-0.250,-1.156,0.000,0.000
0.940,1.388,0.570,-1.235,0.694,-1.753,-0.250,-1.181,0.000,0.000
0.960,1.401,0.535,-1.240,0.650,-1.769,-0.250,-1.206,0.000,0.000
0.980,1.414,0.499,-1.245,0.605,-1.785,-0.250,-1.232,0.000,0.000
1.000,1.427,0.464,-1.250,0.560,-1.800,-0.250,-1.257,0.000,0.000
1.020,1.438,0.428,-1.255,0.514,-1.813,-0.250,-1.282,0.000,0.000
1.040,1.448,0.391,-1.260,0.469,-1.826,-0.250,-1.307,0.000,0.000
1.060,1.457,0.355,-1.265,0.423,-1.837,-0.250,-1.332,0.000,0.000
1.080,1.466,0.318,-1.270,0.376,-1.847,-0.250,-1.357,0.000,0.000
1.100,1.473,0.281,-1.275,0.330,-1.856,-0.250,-1.382,0.000,0.000
1.120,1.480,0.244,-1.280,0.283,-1.864,-0.250,-1.407,0.000,0.000
1.140,1.486,0.207,-1.285,0.236,-1.870,-0.250,-1.433,0.000,0.000
1.160,1.490,0.169,-1.290,0.189,-1.875,-0.250,-1.458,0.000,0.000
1.180,1.494,0.132,-1.295,0.142,-1.880,-0.250,-1.483,0.000,0.000
1.200,1.497,0.094,-1.300,0.095,-1.883,-0.250,-1.508,0.000,0.000
1.220,1.499,0.057,-1.305,0.047,-1.884,-0.250,-1.533,0.000,0.000
1.240,1.500,0.019,-1.310,0.000,-1.885,-0.250,-1.558,0.000,0.000
1.260,1.500,-0.019,-1.315,-0.047,-1.884,-0.250,-1.583,0.000,0.000
1.280,1.499,-0.057,-1.320,-0.095,-1.883,-0.250,-1.608,0.000,0.000
1.300,1.497,-0.094,-1.325,-0.142,-1.880,-0.250,-1.634,0.000,0.000
1.320,1.494,-0.132,-1.330,-0.189,-1.875,-0.250,-1.659,0.000,0.000
1.340,1.490,-0.169,-1.335,-0.236,-1.870,-0.250,-1.684,0.000,0.000
1.360,1.486,-0.207,-1.340,-0.283,-1.864,-0.250,-1.709,0.000,0.000
1.380,1.480,-0.244,-1.345,-0.330,-1.856,-0.250,-1.734,0.000,0.000
1.400,1.473,-0.281,-1.350,-0.376,-1.847,-0.250,-1.759,0.000,0.000
1.420,1.466,-0.318,-1.355,-0.423,-1.837,-0.250,-1.784,0.000,0.000
1.440,1.457,-0.355,-1.360,-0.469,-1.826,-0.250,-1.810,0.000,0.000
1.460,1.448,-0.391,-1.365,-0.514,-1.813,-0.250,-1.835,0.000,0.000
1.480,1.438,-0.428,-1.370,-0.560,-1.800,-0.250,-1.860,0.000,0.000
1.500,1.427,-0.464,-1.375,-0.605,-1.785,-0.250,-1.885,0.000,0.000
1.520,1.414,-0.499,-1.380,-0.650,-1.769,-0.250,-1.910,0.000,0.000
1.540,1.401,-0.535,-1.385,-0.694,-1.753,-0.250,-1.935,0.000,0.000
1.560,1.388,-0.570,-1.390,-0.738,-1.735,-0.250,-1.960,0.000,0.000
1.580,1.373,-0.604,-1.395,-0.781,-1.715,-0.250,-1.985,0.000,0.000
1.600,1.357,-0.639,-1.400,-0.824,-1.695,-0.250,-2.011,0.000,0.000
1.620,1.341,-0.673,-1.405,-0.866,-1.674,-0.250,-2.036,0.000,0.000
1.640,1.323,-0.706,-1.410,-0.908,-1.652,-0.250,-2.061,0.000,0.000
1.660,1.305,-0.739,-1.415,-0.949,-1.628,-0.250,-2.086,0.000,0.000
1.680,1.286,-0.772,-1.420,-0.990,-1.604,-0.250,-2.111,0.000,0.000
1.700,1.266,-0.804,-1.425,-1.030,-1.579,-0.250,-2.136,0.000,0.000
1.720,1.246,-0.835,-1.430,-1.069,-1.552,-0.250,-2.161,0.000,0.000
1.740,1.225,-0.866,-1.435,-1.108,-1.525,-0.250,-2.187,0.000,0.000
1.760,1.202,-0.897,-1.440,-1.146,-1.497,-0.250,-2.212,0.000,0.000
1.780,1.179,-0.927,-1.445,-1.183,-1.467,-0.250,-2.237,0.000,0.000
1.800,1.156,-0.956,-1.450,-1.220,-1.437,-0.250,-2.262,0.000,0.000
1.820,1.131,-0.985,-1.455,-1.255,-1.406,-0.250,-2.287,0.000,0.000
1.840,1.106,-1.013,-1.460,-1.290,-1.374,-0.250,-2.312,0.000,0.000
1.860,1.080,-1.040,-1.465,-1.324,-1.341,-0.250,-2.337,0.000,0.000
1.880,1.054,-1.067,-1.470,-1.358,-1.307,-0.250,-2.362,0.000,0.000
1.900,1.027,-1.093,-1.475,-1.390,-1.273,-0.250,-2.388,0.000,0.000
1.920,0.999,-1.119,-1.480,-1.422,-1.238,-0.250,-2.413,0.000,0.000
1.940,0.971,-1.144,-1.485,-1.452,-1.201,-0.250,-2.438,0.000,0.000
1.960,0.942,-1.168,-1.490,-1.482,-1.165,-0.250,-2.463,0.000,0.000
1.980,0.912,-1.191,-1.495,-1.511,-1.127,-0.250,-2.488,0.000,0.000
2.000,0.882,-1.214,-1.500,-1.539,-1.089,-0.250,-2.513,0.000,0.000
2.020,0.851,-1.235,-1.505,-1.566,-1.050,-0.250,-2.538,0.000,0.000
2.040,0.820,-1.256,-1.510,-1.591,-1.010,-0.250,-2.564,0.000,0.000
2.060,0.788,-1.276,-1.515,-1.616,-0.970,-0.250,-2.589,0.000,0.000
2.080,0.755,-1.296,-1.520,-1.640,-0.929,-0.250,-2.614,0.000,0.000
2.100,0.723,-1.314,-1.525,-1.663,-0.887,-0.250,-2.639,0.000,0.000
2.120,0.689,-1.332,-1.530,-1.685,-0.845,-0.250,-2.664,0.000,0.000
2.140,0.656,-1.349,-1.535,-1.706,-0.803,-0.250,-2.689,0.000,0.000
2.160,0.622,-1.365,-1.540,-1.725,-0.759,-0.250,-2.714,0.000,0.000
2.180,0.587,-1.380,-1.545,-1.744,-0.716,-0.250,-2.739,0.000,0.000
2.200,0.552,-1.395,-1.550,-1.761,-0.672,-0.250,-2.765,0.000,0.000
2.220,0.517,-1.408,-1.555,-1.777,-0.627,-0.250,-2.790,0.000,0.000
2.240,0.481,-1.421,-1.560,-1.793,-0.582,-0.250,-2.815,0.000,0.000
2.260,0.446,-1.432,-1.565,-1.807,-0.537,-0.250,-2.840,0.000,0.000
2.280,0.409,-1.443,-1.570,-1.820,-0.492,-0.250,-2.865,0.000,0.000
2.300,0.373,-1.453,-1.575,-1.831,-0.446,-0.250,-2.890,0.000,0.000
2.320,0.336,-1.462,-1.580,-1.842,-0.400,-0.250,-2.915,0.000,0.000
2.340,0.300,-1.470,-1.585,-1.852,-0.353,-0.250,-2.941,0.000,0.000
2.360,0.263,-1.477,-1.590,-1.860,-0.307,-0.250,-2.966,0.000,0.000
2.380,0.225,-1.483,-1.595,-1.867,-0.260,-0.250,-2.991,0.000,0.000
2.400,0.188,-1.488,-1.600,-1.873,-0.213,-0.250,-3.016,0.000,0.000
2.420,0.151,-1.492,-1.605,-1.878,-0.166,-0.250,-3.041,0.000,0.000
2.440,0.113,-1.496,-1.610,-1.881,-0.118,-0.250,-3.066,0.000,0.000
2.460,0.075,-1.498,-1.615,-1.884,-0.071,-0.250,-3.091,0.000,0.000
2.480,0.038,-1.500,-1.620,-1.885,-0.024,-0.250,-3.116,0.000,0.000
2.500,-0.000,-1.500,-1.625,-1.885,0.024,-0.250,-3.142,0.000,0.000
2.520,-0.038,-1.500,-1.630,-1.884,0.071,-0.250,-3.167,0.000,0.000
2.540,-0.075,-1.498,-1.635,-1.881,0.118,-0.250,-3.192,0.000,0.000
2.560,-0.113,-1.496,-1.640,-1.878,0.166,-0.250,-3.217,0.000,0.000
2.580,-0.151,-1.492,-1.645,-1.873,0.213,-0.250,-3.242,0.000,0.000
2.600,-0.188,-1.488,-1.650,-1.867,0.260,-0.250,-3.267,0.000,0.000
2.620,-0.225,-1.483,-1.655,-1.860,0.307,-0.250,-3.292,0.000,0.000
2.640,-0.263,-1.477,-1.660,-1.852,0.353,-0.250,-3.318,0.000,0.000
2.660,-0.300,-1.470,-1.665,-1.842,0.400,-0.250,-3.343,0.000,0.000
2.680,-0.336,-1.462,-1.670,-1.831,0.446,-0.250,-3.368,0.000,0.000
2.700,-0.373,-1.453,-1.675,-1.820,0.492,-0.250,-3.393,0.000,0.000
2.720,-0.409,-1.443,-1.680,-1.807,0.537,-0.250,-3.418,0.000,0.000
2.740,-0.446,-1.432,-1.685,-1.793,0.582,-0.250,-3.443,0.000,0.000
2.760,-0.481,-1.421,-1.690,-1.777,0.627,-0.250,-3.468,0.000,0.000
2.780,-0.517,-1.408,-1.695,-1.761,0.672,-0.250,-3.493,0.000,0.000
2.800,-0.552,-1.395,-1.700,-1.744,0.716,-0.250,-3.519,0.000,0.000
2.820,-0.587,-1.380,-1.705,-1.725,0.759,-0.250,-3.544,0.000,0.000
2.840,-0.622,-1.365,-1.710,-1.706,0.803,-0.250,-3.569,0.000,0.000
2.860,-0.656,-1.349,-1.715,-1.685,0.845,-0.250,-3.594,0.000,0.000
2.880,-0.689,-1.332,-1.720,-1.663,0.887,-0.250,-3.619,0.000,0.000
2.900,-0.723,-1.314,-1.725,-1.640,0.929,-0.250,-3.644,0.000,0.000
2.920,-0.755,-1.296,-1.730,-1.616,0.970,-0.250,-3.669,0.000,0.000
2.940,-0.788,-1.276,-1.735,-1.591,1.010,-0.250,-3.695,0.000,0.000
2.960,-0.820,-1.256,-1.740,-1.566,1.050,-0.250,-3.720,0.000,0.000
2.980,-0.851,-1.235,-1.745,-1.539,1.089,-0.250,-3.745,0.000,0.000
3.000,-0.882,-1.214,-1.750,-1.511,1.127,-0.250,-3.770,0.000,0.000
3.020,-0.912,-1.191,-1.755,-1.482,1.165,-0.250,-3.795,0.000,0.000
3.040,-0.942,-1.168,-1.760,-1.452,1.201,-0.250,-3.820,0.000,0.000
3.060,-0.971,-1.144,-1.765,-1.422,1.238,-0.250,-3.845,0.000,0.000
3.080,-0.999,-1.119,-1.770,-1.390,1.273,-0.250,-3.870,0.000,0.000
3.100,-1.027,-1.093,-1.775,-1.358,1.307,-0.250,-3.896,0.000,0.000
3.120,-1.054,-1.067,-1.780,-1.324,1.341,-0.250,-3.921,0.000,0.000
3.140,-1.080,-1.040,-1.785,-1.290,1.374,-0.250,-3.946,0.000,0.000
3.160,-1.106,-1.013,-1.790,-1.255,1.406,-0.250,-3.971,0.000,0.000
3.180,-1.131,-0.985,-1.795,-1.220,1.437,-0.250,-3.996,0.000,0.000
3.200,-1.156,-0.956,-1.800,-1.183,1.467,-0.250,-4.021,0.000,0.000
3.220,-1.179,-0.927,-1.805,-1.146,1.497,-0.250,-4.046,0.000,0.000
3.240,-1.202,-0.897,-1.810,-1.108,1.525,-0.250,-4.072,0.000,0.000
3.260,-1.225,-0.866,-1.815,-1.069,1.552,-0.250,-4.097,0.000,0.000
3.280,-1.246,-0.835,-1.820,-1.030,1.579,-0.250,-4.122,0.000,0.000
3.300,-1.266,-0.804,-1.825,-0.990,1.604,-0.250,-4.147,0.000,0.000
3.320,-1.286,-0.772,-1.830,-0.949,1.628,-0.250,-4.172,0.000,0.000
3.340,-1.305,-0.739,-1.835,-0.908,1.652,-0.250,-4.197,0.000,0.000
3.360,-1.323,-0.706,-1.840,-0.866,1.674,-0.250,-4.222,0.000,0.000
3.380,-1.341,-0.673,-1.845,-0.824,1.695,-0.250,-4.247,0.000,0.000
3.400,-1.357,-0.639,-1.850,-0.781,1.715,-0.250,-4.273,0.000,0.000
3.420,-1.373,-0.604,-1.855,-0.738,1.735,-0.250,-4.298,0.000,0.000
3.440,-1.388,-0.570,-1.860,-0.694,1.753,-0.250,-4.323,0.000,0.000
3.460,-1.401,-0.535,-1.865,-0.650,1.769,-0.250,-4.348,0.000,0.000
3.480,-1.414,-0.499,-1.870,-0.605,1.785,-0.250,-4.373,0.000,0.000
3.500,-1.427,-0.464,-1.875,-0.560,1.800,-0.250,-4.398,0.000,0.000
3.520,-1.438,-0.428,-1.880,-0.514,1.813,-0.250,-4.423,0.000,0.000
3.540,-1.448,-0.391,-1.885,-0.469,1.826,-0.250,-4.448,0.000,0.000
3.560,-1.457,-0.355,-1.890,-0.423,1.837,-0.250,-4.474,0.000,0.000
3.580,-1.466,-0.318,-1.895,-0.376,1.847,-0.250,-4.499,0.000,0.000
3.600,-1.473,-0.281,-1.900,-0.330,1.856,-0.250,-4.524,0.000,0.000
3.620,-1.480,-0.244,-1.905,-0.283,1.864,-0.250,-4.549,0.000,0.000
3.640,-1.486,-0.207,-1.910,-0.236,1.870,-0.250,-4.574,0.000,0.000
3.660,-1.490,-0.169,-1.915,-0.189,1.875,-0.250,-4.599,0.000,0.000
3.680,-1.494,-0.132,-1.920,-0.142,1.880,-0.250,-4.624,0.000,0.000
3.700,-1.497,-0.094,-1.925,-0.095,1.883,-0.250,-4.650,0.000,0.000
3.720,-1.499,-0.057,-1.930,-0.047,1.884,-0.250,-4.675,0.000,0.000
3.740,-1.500,-0.019,-1.935,0.000,1.885,-0.250,-4.700,0.000,0.000
3.760,-1.500,0.019,-1.940,0.047,1.884,-0.250,-4.725,0.000,0.000
3.780,-1.499,0.057,-1.945,0.095,1.883,-0.250,-4.750,0.000,0.000
3.800,-1.497,0.094,-1.950,0.142,1.880,-0.250,-4.775,0.000,0.000
3.820,-1.494,0.132,-1.955,0.189,1.875,-0.250,-4.800,0.000,0.000
3.840,-1.490,0.169,-1.960,0.236,1.870,-0.250,-4.825,0.000,0.000
3.860,-1.486,0.207,-1.965,0.283,1.864,-0.250,-4.851,0.000,0.000
3.880,-1.480,0.244,-1.970,0.330,1.856,-0.250,-4.876,0.000,0.000
3.900,-1.473,0.281,-1.975,0.376,1.847,-0.250,-4.901,0.000,0.000
3.920,-1.466,0.318,-1.980,0.423,1.837,-0.250,-4.926,0.000,0.000
3.940,-1.457,0.355,-1.985,0.469,1.826,-0.250,-4.951,0.000,0.000
3.960,-1.448,0.391,-1.990,0.514,1.813,-0.250,-4.976,0.000,0.000
3.980,-1.438,0.428,-1.995,0.560,1.800,-0.250,-5.001,0.000,0.000
4.000,-1.427,0.464,-2.000,0.605,1.785,-0.250,-5.027,0.000,0.000
4.020,-1.414,0.499,-2.005,0.650,1.769,-0.250,-5.052,0.000,0.000
4.040,-1.401,0.535,-2.010,0.694,1.753,-0.250,-5.077,0.000,0.000
4.060,-1.388,0.570,-2.015,0.738,1.735,-0.250,-5.102,0.000,0.000
4.080,-1.373,0.604,-2.020,0.781,1.715,-0.250,-5.127,0.000,0.000
4.100,-1.357,0.639,-2.025,0.824,1.695,-0.250,-5.152,0.000,0.000
4.120,-1.341,0.673,-2.030,0.866,1.674,-0.250,-5.177,0.000,0.000
4.140,-1.323,0.706,-2.035,0.908,1.652,-0.250,-5.202,0.000,0.000
4.160,-1.305,0.739,-2.040,0.949,1.628,-0.250,-5.228,0.000,0.000
4.180,-1.286,0.772,-2.045,0.990,1.604,-0.250,-5.253,0.000,0.000
4.200,-1.266,0.804,-2.050,1.030,1.579,-0.250,-5.278,0.000,0.000
4.220,-1.246,0.835,-2.055,1.069,1.552,-0.250,-5.303,0.000,0.000
4.240,-1.225,0.866,-2.060,1.108,1.525,-0.250,-5.328,0.000,0.000
4.260,-1.202,0.897,-2.065,1.146,1.497,-0.250,-5.353,0.000,0.000
4.280,-1.179,0.927,-2.070,1.183,1.467,-0.250,-5.378,0.000,0.000
4.300,-1.156,0.956,-2.075,1.220,1.437,-0.250,-5.404,0.000,0.000
4.320,-1.131,0.985,-2.080,1.255,1.406,-0.250,-5.429,0.000,0.000
4.340,-1.106,1.013,-2.085,1.290,1.374,-0.250,-5.454,0.000,0.000
4.360,-1.080,1.040,-2.090,1.324,1.341,-0.250,-5.479,0.000,0.000
4.380,-1.054,1.067,-2.095,1.358,1.307,-0.250,-5.504,0.000,0.000
4.400,-1.027,1.093,-2.100,1.390,1.273,-0.250,-5.529,0.000,0.000
4.420,-0.999,1.119,-2.105,1.422,1.238,-0.250,-5.554,0.000,0.000
4.440,-0.971,1.144,-2.110,1.452,1.201,-0.250,-5.579,0.000,0.000
4.460,-0.942,1.168,-2.115,1.482,1.165,-0.250,-5.605,0.000,0.000
4.480,-0.912,1.191,-2.120,1.511,1.127,-0.250,-5.630,0.000,0.000
4.500,-0.882,1.214,-2.125,1.539,1.089,-0.250,-5.655,0.000,0.000
4.520,-0.851,1.235,-2.130,1.566,1.050,-0.250,-5.680,0.000,0.000
4.540,-0.820,1.256,-2.135,1.591,1.010,-0.250,-5.705,0.000,0.000
4.560,-0.788,1.276,-2.140,1.616,0.970,-0.250,-5.730,0.000,0.000
4.580,-0.755,1.296,-2.145,1.640,0.929,-0.250,-5.755,0.000,0.000
4.600,-0.723,1.314,-2.150,1.663,0.887,-0.250,-5.781,0.000,0.000
4.620,-0.689,1.332,-2.155,1.685,0.845,-0.250,-5.806,0.000,0.000
4.640,-0.656,1.349,-2.160,1.706,0.803,-0.250,-5.831,0.000,0.000
4.660,-0.622,1.365,-2.165,1.725,0.759,-0.250,-5.856,0.000,0.000
4.680,-0.587,1.380,-2.170,1.744,0.716,-0.250,-5.881,0.000,0.000
4.700,-0.552,1.395,-2.175,1.761,0.672,-0.250,-5.906,0.000,0.000
4.720,-0.517,1.408,-2.180,1.777,0.627,-0.250,-5.931,0.000,0.000
4.740,-0.481,1.421,-2.185,1.793,0.582,-0.250,-5.956,0.000,0.000
4.760,-0.446,1.432,-2.190,1.807,0.537,-0.250,-5.982,0.000,0.000
4.780,-0.409,1.443,-2.195,1.820,0.492,-0.250,-6.007,0.000,0.000
4.800,-0.373,1.453,-2.200,1.831,0.446,-0.250,-6.032,0.000,0.000
4.820,-0.336,1.462,-2.205,1.842,0.400,-0.250,-6.057,0.000,0.000
4.840,-0.300,1.470,-2.210,1.852,0.353,-0.250,-6.082,0.000,0.000
4.860,-0.263,1.477,-2.215,1.860,0.307,-0.250,-6.107,0.000,0.000
4.880,-0.225,1.483,-2.220,1.867,0.260,-0.250,-6.132,0.000,0.000
4.900,-0.188,1.488,-2.225,1.873,0.213,-0.250,-6.158,0.000,0.000
4.920,-0.151,1.492,-2.230,1.878,0.166,-0.250,-6.183,0.000,0.000
4.940,-0.113,1.496,-2.235,1.881,0.118,-0.250,-6.208,0.000,0.000
4.960,-0.075,1.498,-2.240,1.884,0.071,-0.250,-6.233,0.000,0.000
4.980,-0.038,1.500,-2.245,1.885,0.024,-0.250,-6.258,0.000,0.000
5.000,-0.000,1.500,-2.250,1.885,-0.024,-0.250,-6.283,0.000,0.000
5.020,0.038,1.500,-2.255,1.884,-0.071,-0.250,-6.308,0.000,0.000
5.040,0.075,1.498,-2.260,1.881,-0.118,-0.250,-6.333,0.000,0.000
5.060,0.113,1.496,-2.265,1.878,-0.166,-0.250,-6.359,0.000,0.000
5.080,0.151,1.492,-2.270,1.873,-0.213,-0.250,-6.384,0.000,0.000
5.100,0.188,1.488,-2.275,1.867,-0.260,-0.250,-6.409,0.000,0.000
5.120,0.225,1.483,-2.280,1.860,-0.307,-0.250,-6.434,0.000,0.000
5.140,0.263,1.477,-2.285,1.852,-0.353,-0.250,-6.459,0.000,0.000
5.160,0.300,1.470,-2.290,1.842,-0.400,-0.250,-6.484,0.000,0.000
5.180,0.336,1.462,-2.295,1.831,-0.446,-0.250,-6.509,0.000,0.000
5.200,0.373,1.453,-2.300,1.820,-0.492,-0.250,-6.535,0.000,0.000
5.220,0.409,1.443,-2.305,1.807,-0.537,-0.250,-6.560,0.000,0.000
5.240,0.446,1.432,-2.310,1.793,-0.582,-0.250,-6.585,0.000,0.000
5.260,0.481,1.421,-2.315,1.777,-0.627,-0.250,-6.610,0.000,0.000
5.280,0.517,1.408,-2.320,1.761,-0.672,-0.250,-6.635,0.000,0.000
5.300,0.552,1.395,-2.325,1.744,-0.716,-0.250,-6.660,0.000,0.000
5.320,0.587,1.380,-2.330,1.725,-0.759,-0.250,-6.685,0.000,0.000
5.340,0.622,1.365,-2.335,1.706,-0.803,-0.250,-6.710,0.000,0.000
5.360,0.656,1.349,-2.340,1.685,-0.845,-0.250,-6.736,0.000,0.000
5.380,0.689,1.332,-2.345,1.663,-0.887,-0.250,-6.761,0.000,0.000
5.400,0.723,1.314,-2.350,1.640,-0.929,-0.250,-6.786,0.000,0.000
5.420,0.755,1.296,-2.355,1.616,-0.970,-0.250,-6.811,0.000,0.000
5.440,0.788,1.276,-2.360,1.591,-1.010,-0.250,-6.836,0.000,0.000
5.460,0.820,1.256,-2.365,1.566,-1.050,-0.250,-6.861,0.000,0.000
5.480,0.851,1.235,-2.370,1.539,-1.089,-0.250,-6.886,0.000,0.000
5.500,0.882,1.214,-2.375,1.511,-1.127,-0.250,-6.912,0.000,0.000
5.520,0.912,1.191,-2.380,1.482,-1.165,-0.250,-6.937,0.000,0.000
5.540,0.942,1.168,-2.385,1.452,-1.201,-0.250,-6.962,0.000,0.000
5.560,0.971,1.144,-2.390,1.422,-1.238,-0.250,-6.987,0.000,0.000
5.580,0.999,1.119,-2.395,1.390,-1.273,-0.250,-7.012,0.000,0.000
5.600,1.027,1.093,-2.400,1.358,-1.307,-0.250,-7.037,0.000,0.000
5.620,1.054,1.067,-2.405,1.324,-1.341,-0.250,-7.062,0.000,0.000
5.640,1.080,1.040,-2.410,1.290,-1.374,-0.250,-7.087,0.000,0.000
5.660,1.106,1.013,-2.415,1.255,-1.406,-0.250,-7.113,0.000,0.000
5.680,1.131,0.985,-2.420,1.220,-1.437,-0.250,-7.138,0.000,0.000
5.700,1.156,0.956,-2.425,1.183,-1.467,-0.250,-7.163,0.000,0.000
5.720,1.179,0.927,-2.430,1.146,-1.497,-0.250,-7.188,0.000,0.000
5.740,1.202,0.897,-2.435,1.108,-1.525,-0.250,-7.213,0.000,0.000
5.760,1.225,0.866,-2.440,1.069,-1.552,-0.250,-7.238,0.000,0.000
5.780,1.246,0.835,-2.445,1.030,-1.579,-0.250,-7.263,0.000,0.000
5.800,1.266,0.804,-2.450,0.990,-1.604,-0.250,-7.288,0.000,0.000
5.820,1.286,0.772,-2.455,0.949,-1.628,-0.250,-7.314,0.000,0.000
5.840,1.305,0.739,-2.460,0.908,-1.652,-0.250,-7.339,0.000,0.000
5.860,1.323,0.706,-2.465,0.866,-1.674,-0.250,-7.364,0.000,0.000
5.880,1.341,0.673,-2.470,0.824,-1.695,-0.250,-7.389,0.000,0.000
5.900,1.357,0.639,-2.475,0.781,-1.715,-0.250,-7.414,0.000,0.000
5.920,1.373,0.604,-2.480,0.738,-1.735,-0.250,-7.439,0.000,0.000
5.940,1.388,0.570,-2.485,0.694,-1.753,-0.250,-7.464,0.000,0.000
5.960,1.401,0.535,-2.490,0.650,-1.769,-0.250,-7.490,0.000,0.000
5.980,1.414,0.499,-2.495,0.605,-1.785,-0.250,-7.515,0.000,0.000
6.000,1.427,0.464,-2.500,0.560,-1.800,-0.250,-7.540,0.000,0.000
6.020,1.438,0.428,-2.505,0.514,-1.813,-0.250,-7.565,0.000,0.000
6.040,1.448,0.391,-2.510,0.469,-1.826,-0.250,-7.590,0.000,0.000
6.060,1.457,0.355,-2.515,0.423,-1.837,-0.250,-7.615,0.000,0.000
6.080,1.466,0.318,-2.520,0.376,-1.847,-0.250,-7.640,0.000,0.000
6.100,1.473,0.281,-2.525,0.330,-1.856,-0.250,-7.665,0.000,0.000
6.120,1.480,0.244,-2.530,0.283,-1.864,-0.250,-7.691,0.000,0.000
6.140,1.486,0.207,-2.535,0.236,-1.870,-0.250,-7.716,0.000,0.000
6.160,1.490,0.169,-2.540,0.189,-1.875,-0.250,-7.741,0.000,0.000
6.180,1.494,0.132,-2.545,0.142,-1.880,-0.250,-7.766,0.000,0.000
6.200,1.497,0.094,-2.550,0.095,-1.883,-0.250,-7.791,0.000,0.000
6.220,1.499,0.057,-2.555,0.047,-1.884,-0.250,-7.816,0.000,0.000
6.240,1.500,0.019,-2.560,0.000,-1.885,-0.250,-7.841,0.000,0.000
6.260,1.500,-0.019,-2.565,-0.047,-1.884,-0.250,-7.867,0.000,0.000
6.280,1.499,-0.057,-2.570,-0.095,-1.883,-0.250,-7.892,0.000,0.000
6.300,1.497,-0.094,-2.575,-0.142,-1.880,-0.250,-7.917,0.000,0.000
6.320,1.494,-0.132,-2.580,-0.189,-1.875,-0.250,-7.942,0.000,0.000
6.340,1.490,-0.169,-2.585,-0.236,-1.870,-0.250,-7.967,0.000,0.000
6.360,1.486,-0.207,-2.590,-0.283,-1.864,-0.250,-7.992,0.000,0.000
6.380,1.480,-0.244,-2.595,-0.330,-1.856,-0.250,-8.017,0.000,0.000
6.400,1.473,-0.281,-2.600,-0.376,-1.847,-0.250,-8.042,0.000,0.000
6.420,1.466,-0.318,-2.605,-0.423,-1.837,-0.250,-8.068,0.000,0.000
6.440,1.457,-0.355,-2.610,-0.469,-1.826,-0.250,-8.093,0.000,0.000
6.460,1.448,-0.391,-2.615,-0.514,-1.813,-0.250,-8.118,0.000,0.000
6.480,1.438,-0.428,-2.620,-0.560,-1.800,-0.250,-8.143,0.000,0.000
6.500,1.427,-0.464,-2.625,-0.605,-1.785,-0.250,-8.168,0.000,0.000
6.520,1.414,-0.499,-2.630,-0.650,-1.769,-0.250,-8.193,0.000,0.000
6.540,1.401,-0.535,-2.635,-0.694,-1.753,-0.250,-8.218,0.000,0.000
6.560,1.388,-0.570,-2.640,-0.738,-1.735,-0.250,-8.244,0.000,0.000
6.580,1.373,-0.604,-2.645,-0.781,-1.715,-0.250,-8.269,0.000,0.000
6.600,1.357,-0.639,-2.650,-0.824,-1.695,-0.250,-8.294,0.000,0.000
6.620,1.341,-0.673,-2.655,-0.866,-1.674,-0.250,-8.319,0.000,0.000
6.640,1.323,-0.706,-2.660,-0.908,-1.652,-0.250,-8.344,0.000,0.000
6.660,1.305,-0.739,-2.665,-0.949,-1.628,-0.250,-8.369,0.000,0.000
6.680,1.286,-0.772,-2.670,-0.990,-1.604,-0.250,-8.394,0.000,0.000
6.700,1.266,-0.804,-2.675,-1.030,-1.579,-0.250,-8.419,0.000,0.000
6.720,1.246,-0.835,-2.680,-1.069,-1.552,-0.250,-8.445,0.000,0.000
6.740,1.225,-0.866,-2.685,-1.108,-1.525,-0.250,-8.470,0.000,0.000
6.760,1.202,-0.897,-2.690,-1.146,-1.497,-0.250,-8.495,0.000,0.000
6.780,1.179,-0.927,-2.695,-1.183,-1.467,-0.250,-8.520,0.000,0.000
6.800,1.156,-0.956,-2.700,-1.220,-1.437,-0.250,-8.545,0.000,0.000
6.820,1.131,-0.985,-2.705,-1.255,-1.406,-0.250,-8.570,0.000,0.000
6.840,1.106,-1.013,-2.710,-1.290,-1.374,-0.250,-8.595,0.000,0.000
6.860,1.080,-1.040,-2.715,-1.324,-1.341,-0.250,-8.621,0.000,0.000
6.880,1.054,-1.067,-2.720,-1.358,-1.307,-0.250,-8.646,0.000,0.000
6.900,1.027,-1.093,-2.725,-1.390,-1.273,-0.250,-8.671,0.000,0.000
6.920,0.999,-1.119,-2.730,-1.422,-1.238,-0.250,-8.696,0.000,0.000
6.940,0.971,-1.144,-2.735,-1.452,-1.201,-0.250,-8.721,0.000,0.000
6.960,0.942,-1.168,-2.740,-1.482,-1.165,-0.250,-8.746,0.000,0.000
6.980,0.912,-1.191,-2.745,-1.511,-1.127,-0.250,-8.771,0.000,0.000
7.000,0.882,-1.214,-2.750,-1.539,-1.089,-0.250,-8.796,0.000,0.000
7.020,0.851,-1.235,-2.755,-1.566,-1.050,-0.250,-8.822,0.000,0.000
7.040,0.820,-1.256,-2.760,-1.591,-1.010,-0.250,-8.847,0.000,0.000
7.060,0.788,-1.276,-2.765,-1.616,-0.970,-0.250,-8.872,0.000,0.000
7.080,0.755,-1.296,-2.770,-1.640,-0.929,-0.250,-8.897,0.000,0.000
7.100,0.723,-1.314,-2.775,-1.663,-0.887,-0.250,-8.922,0.000,0.000
7.120,0.689,-1.332,-2.780,-1.685,-0.845,-0.250,-8.947,0.000,0.000
7.140,0.656,-1.349,-2.785,-1.706,-0.803,-0.250,-8.972,0.000,0.000
7.160,0.622,-1.365,-2.790,-1.725,-0.759,-0.250,-8.998,0.000,0.000
7.180,0.587,-1.380,-2.795,-1.744,-0.716,-0.250,-9.023,0.000,0.000
7.200,0.552,-1.395,-2.800,-1.761,-0.672,-0.250,-9.048,0.000,0.000
7.220,0.517,-1.408,-2.805,-1.777,-0.627,-0.250,-9.073,0.000,0.000
7.240,0.481,-1.421,-2.810,-1.793,-0.582,-0.250,-9.098,0.000,0.000
7.260,0.446,-1.432,-2.815,-1.807,-0.537,-0.250,-9.123,0.000,0.000
7.280,0.409,-1.443,-2.820,-1.820,-0.492,-0.250,-9.148,0.000,0.000
7.300,0.373,-1.453,-2.825,-1.831,-0.446,-0.250,-9.173,0.000,0.000
7.320,0.336,-1.462,-2.830,-1.842,-0.400,-0.250,-9.199,0.000,0.000
7.340,0.300,-1.470,-2.835,-1.852,-0.353,-0.250,-9.224,0.000,0.000
7.360,0.263,-1.477,-2.840,-1.860,-0.307,-0.250,-9.249,0.000,0.000
7.380,0.225,-1.483,-2.845,-1.867,-0.260,-0.250,-9.274,0.000,0.000
7.400,0.188,-1.488,-2.850,-1.873,-0.213,-0.250,-9.299,0.000,0.000
7.420,0.151,-1.492,-2.855,-1.878,-0.166,-0.250,-9.324,0.000,0.000
7.440,0.113,-1.496,-2.860,-1.881,-0.118,-0.250,-9.349,0.000,0.000
7.460,0.075,-1.498,-2.865,-1.884,-0.071,-0.250,-9.375,0.000,0.000
7.480,0.038,-1.500,-2.870,-1.885,-0.024,-0.250,-9.400,0.000,0.000
7.500,0.000,-1.500,-2.875,-1.885,0.024,-0.250,-9.425,0.000,0.000
7.520,-0.038,-1.500,-2.880,-1.884,0.071,-0.250,-9.450,0.000,0.000
7.540,-0.075,-1.498,-2.885,-1.881,0.118,-0.250,-9.475,0.000,0.000
7.560,-0.113,-1.496,-2.890,-1.878,0.166,-0.250,-9.500,0.000,0.000
7.580,-0.151,-1.492,-2.895,-1.873,0.213,-0.250,-9.525,0.000,0.000
7.600,-0.188,-1.488,-2.900,-1.867,0.260,-0.250,-9.550,0.000,0.000
7.620,-0.225,-1.483,-2.905,-1.860,0.307,-0.250,-9.576,0.000,0.000
7.640,-0.263,-1.477,-2.910,-1.852,0.353,-0.250,-9.601,0.000,0.000
7.660,-0.300,-1.470,-2.915,-1.842,0.400,-0.250,-9.626,0.000,0.000
7.680,-0.336,-1.462,-2.920,-1.831,0.446,-0.250,-9.651,0.000,0.000
7.700,-0.373,-1.453,-2.925,-1.820,0.492,-0.250,-9.676,0.000,0.000
7.720,-0.409,-1.443,-2.930,-1.807,0.537,-0.250,-9.701,0.000,0.000
7.740,-0.446,-1.432,-2.935,-1.793,0.582,-0.250,-9.726,0.000,0.000
7.760,-0.481,-1.421,-2.940,-1.777,0.627,-0.250,-9.752,0.000,0.000
7.780,-0.517,-1.408,-2.945,-1.761,0.672,-0.250,-9.777,0.000,0.000
7.800,-0.552,-1.395,-2.950,-1.744,0.716,-0.250,-9.802,0.000,0.000
7.820,-0.587,-1.380,-2.955,-1.725,0.759,-0.250,-9.827,0.000,0.000
7.840,-0.622,-1.365,-2.960,-1.706,0.803,-0.250,-9.852,0.000,0.000
7.860,-0.656,-1.349,-2.965,-1.685,0.845,-0.250,-9.877,0.000,0.000
7.880,-0.689,-1.332,-2.970,-1.663,0.887,-0.250,-9.902,0.000,0.000
7.900,-0.723,-1.314,-2.975,-1.640,0.929,-0.250,-9.927,0.000,0.000
7.920,-0.755,-1.296,-2.980,-1.616,0.970,-0.250,-9.953,0.000,0.000
7.940,-0.788,-1.276,-2.985,-1.591,1.010,-0.250,-9.978,0.000,0.000
7.960,-0.820,-1.256,-2.990,-1.566,1.050,-0.250,-10.003,0.000,0.000
7.980,-0.851,-1.235,-2.995,-1.539,1.089,-0.250,-10.028,0.000,0.000
8.000,-0.882,-1.214,-3.000,-1.511,1.127,-0.250,-10.053,0.000,0.000
8.020,-0.912,-1.191,-3.005,-1.482,1.165,-0.250,-10.078,0.000,0.000
8.040,-0.942,-1.168,-3.010,-1.452,1.201,-0.250,-10.103,0.000,0.000
8.060,-0.971,-1.144,-3.015,-1.422,1.238,-0.250,-10.128,0.000,0.000
8.080,-0.999,-1.119,-3.020,-1.390,1.273,-0.250,-10.154,0.000,0.000
8.100,-1.027,-1.093,-3.025,-1.358,1.307,-0.250,-10.179,0.000,0.000
8.120,-1.054,-1.067,-3.030,-1.324,1.341,-0.250,-10.204,0.000,0.000
8.140,-1.080,-1.040,-3.035,-1.290,1.374,-0.250,-10.229,0.000,0.000
8.160,-1.106,-1.013,-3.040,-1.255,1.406,-0.250,-10.254,0.000,0.000
8.180,-1.131,-0.985,-3.045,-1.220,1.437,-0.250,-10.279,0.000,0.000
8.200,-1.156,-0.956,-3.050,-1.183,1.467,-0.250,-10.304,0.000,0.000
8.220,-1.179,-0.927,-3.055,-1.146,1.497,-0.250,-10.330,0.000,0.000
8.240,-1.202,-0.897,-3.060,-1.108,1.525,-0.250,-10.355,0.000,0.000
8.260,-1.225,-0.866,-3.065,-1.069,1.552,-0.250,-10.380,0.000,0.000
8.280,-1.246,-0.835,-3.070,-1.030,1.579,-0.250,-10.405,0.000,0.000
8.300,-1.266,-0.804,-3.075,-0.990,1.604,-0.250,-10.430,0.000,0.000
8.320,-1.286,-0.772,-3.080,-0.949,1.628,-0.250,-10.455,0.000,0.000
8.340,-1.305,-0.739,-3.085,-0.908,1.652,-0.250,-10.480,0.000,0.000
8.360,-1.323,-0.706,-3.090,-0.866,1.674,-0.250,-10.505,0.000,0.000
8.380,-1.341,-0.673,-3.095,-0.824,1.695,-0.250,-10.531,0.000,0.000
8.400,-1.357,-0.639,-3.100,-0.781,1.715,-0.250,-10.556,0.000,0.000
8.420,-1.373,-0.604,-3.105,-0.738,1.735,-0.250,-10.581,0.000,0.000
8.440,-1.388,-0.570,-3.110,-0.694,1.753,-0.250,-10.606,0.000,0.000
8.460,-1.401,-0.535,-3.115,-0.650,1.769,-0.250,-10.631,0.000,0.000
8.480,-1.414,-0.499,-3.120,-0.605,1.785,-0.250,-10.656,0.000,0.000
8.500,-1.427,-0.464,-3.125,-0.560,1.800,-0.250,-10.681,0.000,0.000
8.520,-1.438,-0.428,-3.130,-0.514,1.813,-0.250,-10.707,0.000,0.000
8.540,-1.448,-0.391,-3.135,-0.469,1.826,-0.250,-10.732,0.000,0.000
8.560,-1.457,-0.355,-3.140,-0.423,1.837,-0.250,-10.757,0.000,0.000
8.580,-1.466,-0.318,-3.145,-0.376,1.847,-0.250,-10.782,0.000,0.000
8.600,-1.473,-0.281,-3.150,-0.330,1.856,-0.250,-10.807,0.000,0.000
8.620,-1.480,-0.244,-3.155,-0.283,1.864,-0.250,-10.832,0.000,0.000
8.640,-1.486,-0.207,-3.160,-0.236,1.870,-0.250,-10.857,0.000,0.000
8.660,-1.490,-0.169,-3.165,-0.189,1.875,-0.250,-10.882,0.000,0.000
8.680,-1.494,-0.132,-3.170,-0.142,1.880,-0.250,-10.908,0.000,0.000
8.700,-1.497,-0.094,-3.175,-0.095,1.883,-0.250,-10.933,0.000,0.000
8.720,-1.499,-0.057,-3.180,-0.047,1.884,-0.250,-10.958,0.000,0.000
8.740,-1.500,-0.019,-3.185,-0.000,1.885,-0.250,-10.983,0.000,0.000
8.760,-1.500,0.019,-3.190,0.047,1.884,-0.250,-11.008,0.000,0.000
8.780,-1.499,0.057,-3.195,0.095,1.883,-0.250,-11.033,0.000,0.000
8.800,-1.497,0.094,-3.200,0.142,1.880,-0.250,-11.058,0.000,0.000
8.820,-1.494,0.132,-3.205,0.189,1.875,-0.250,-11.084,0.000,0.000
8.840,-1.490,0.169,-3.210,0.236,1.870,-0.250,-11.109,0.000,0.000
8.860,-1.486,0.207,-3.215,0.283,1.864,-0.250,-11.134,0.000,0.000
8.880,-1.480,0.244,-3.220,0.330,1.856,-0.250,-11.159,0.000,0.000
8.900,-1.473,0.281,-3.225,0.376,1.847,-0.250,-11.184,0.000,0.000
8.920,-1.466,0.318,-3.230,0.423,1.837,-0.250,-11.209,0.000,0.000
8.940,-1.457,0.355,-3.235,0.469,1.826,-0.250,-11.234,0.000,0.000
8.960,-1.448,0.391,-3.240,0.514,1.813,-0.250,-11.259,0.000,0.000
8.980,-1.438,0.428,-3.245,0.560,1.800,-0.250,-11.285,0.000,0.000
9.000,-1.427,0.464,-3.250,0.605,1.785,-0.250,-11.310,0.000,0.000
9.020,-1.414,0.499,-3.255,0.650,1.769,-0.250,-11.335,0.000,0.000
9.040,-1.401,0.535,-3.260,0.694,1.753,-0.250,-11.360,0.000,0.000
9.060,-1.388,0.570,-3.265,0.738,1.735,-0.250,-11.385,0.000,0.000
9.080,-1.373,0.604,-3.270,0.781,1.715,-0.250,-11.410,0.000,0.000
9.100,-1.357,0.639,-3.275,0.824,1.695,-0.250,-11.435,0.000,0.000
9.120,-1.341,0.673,-3.280,0.866,1.674,-0.250,-11.461,0.000,0.000
9.140,-1.323,0.706,-3.285,0.908,1.652,-0.250,-11.486,0.000,0.000
9.160,-1.305,0.739,-3.290,0.949,1.628,-0.250,-11.511,0.000,0.000
9.180,-1.286,0.772,-3.295,0.990,1.604,-0.250,-11.536,0.000,0.000
9.200,-1.266,0.804,-3.300,1.030,1.579,-0.250,-11.561,0.000,0.000
9.220,-1.246,0.835,-3.305,1.069,1.552,-0.250,-11.586,0.000,0.000
9.240,-1.225,0.866,-3.310,1.108,1.525,-0.250,-11.611,0.000,0.000
9.260,-1.202,0.897,-3.315,1.146,1.497,-0.250,-11.636,0.000,0.000
9.280,-1.179,0.927,-3.320,1.183,1.467,-0.250,-11.662,0.000,0.000
9.300,-1.156,0.956,-3.325,1.220,1.437,-0.250,-11.687,0.000,0.000
9.320,-1.131,0.985,-3.330,1.255,1.406,-0.250,-11.712,0.000,0.000
9.340,-1.106,1.013,-3.335,1.290,1.374,-0.250,-11.737,0.000,0.000
9.360,-1.080,1.040,-3.340,1.324,1.341,-0.250,-11.762,0.000,0.000
9.380,-1.054,1.067,-3.345,1.358,1.307,-0.250,-11.787,0.000,0.000
9.400,-1.027,1.093,-3.350,1.390,1.273,-0.250,-11.812,0.000,0.000
9.420,-0.999,1.119,-3.355,1.422,1.238,-0.250,-11.838,0.000,0.000
9.440,-0.971,1.144,-3.360,1.452,1.201,-0.250,-11.863,0.000,0.000
9.460,-0.942,1.168,-3.365,1.482,1.165,-0.250,-11.888,0.000,0.000
9.480,-0.912,1.191,-3.370,1.511,1.127,-0.250,-11.913,0.000,0.000
9.500,-0.882,1.214,-3.375,1.539,1.089,-0.250,-11.938,0.000,0.000
9.520,-0.851,1.235,-3.380,1.566,1.050,-0.250,-11.963,0.000,0.000
9.540,-0.820,1.256,-3.385,1.591,1.010,-0.250,-11.988,0.000,0.000
9.560,-0.788,1.276,-3.390,1.616,0.970,-0.250,-12.013,0.000,0.000
9.580,-0.755,1.296,-3.395,1.640,0.929,-0.250,-12.039,0.000,0.000
9.600,-0.723,1.314,-3.400,1.663,0.887,-0.250,-12.064,0.000,0.000
9.620,-0.689,1.332,-3.405,1.685,0.845,-0.250,-12.089,0.000,0.000
9.640,-0.656,1.349,-3.410,1.706,0.803,-0.250,-12.114,0.000,0.000
9.660,-0.622,1.365,-3.415,1.725,0.759,-0.250,-12.139,0.000,0.000
9.680,-0.587,1.380,-3.420,1.744,0.716,-0.250,-12.164,0.000,0.000
9.700,-0.552,1.395,-3.425,1.761,0.672,-0.250,-12.189,0.000,0.000
9.720,-0.517,1.408,-3.430,1.777,0.627,-0.250,-12.215,0.000,0.000
9.740,-0.481,1.421,-3.435,1.793,0.582,-0.250,-12.240,0.000,0.000
9.760,-0.446,1.432,-3.440,1.807,0.537,-0.250,-12.265,0.000,0.000
9.780,-0.409,1.443,-3.445,1.820,0.492,-0.250,-12.290,0.000,0.000
9.800,-0.373,1.453,-3.450,1.831,0.446,-0.250,-12.315,0.000,0.000
9.820,-0.336,1.462,-3.455,1.842,0.400,-0.250,-12.340,0.000,0.000
9.840,-0.300,1.470,-3.460,1.852,0.353,-0.250,-12.365,0.000,0.000
9.860,-0.263,1.477,-3.465,1.860,0.307,-0.250,-12.390,0.000,0.000
9.880,-0.225,1.483,-3.470,1.867,0.260,-0.250,-12.416,0.000,0.000
9.900,-0.188,1.488,-3.475,1.873,0.213,-0.250,-12.441,0.000,0.000
9.920,-0.151,1.492,-3.480,1.878,0.166,-0.250,-12.466,0.000,0.000
9.940,-0.113,1.496,-3.485,1.881,0.118,-0.250,-12.491,0.000,0.000
9.960,-0.075,1.498,-3.490,1.884,0.071,-0.250,-12.516,0.000,0.000
9.980,-0.038,1.500,-3.495,1.885,0.024,-0.250,-12.541,0.000,0.000
10.000,-0.000,1.500,-3.500,1.885,-0.024,-0.250,-12.566,0.000,0.000
